beisendw:talentSimilarity_eccompetenceuserresultinfo

max_limit  similarity   num        count
1           90          > 10        19644
2           90          >10         很大
1           85          > 10        20048
1.2         90          >10         49716
1.5         90          >10         480880
1.4         90          >10         237354  


---------------------------------------------------------------------

105676,100102,110006,101109,103359,101092,101099,101098,103352,103350,101110,101111,100969

105676 	239
100102  203
110006  9395
101109  4
103359  26
101092  27
101099  11
101098  0
103352  22
103350  210
101110  2
101111  0
100969  198 